Id stazione: 200, località: weather two
49.3  221.0
01/01/2000 -> 31/12/2000
T_max   T_min   P_tot   U_max   U_min   V_med   RG_CORR
    6.260   -0.960    0.000  100.000   82.120    0.213    2.384
    6.830   -0.250    0.000  100.000   77.400    0.299    2.705
    5.290   -2.610    0.000  100.000   70.500    0.271    4.428
    6.990   -2.450    0.000  100.000   45.960    0.591    4.739
    4.110   -3.930    0.000  100.000   63.740    0.261    4.914
    3.160   -4.930    0.000  100.000   72.030    0.100    5.342
    3.670   -5.290    0.000  100.000   59.510    0.248    6.413
    4.830   -4.560    0.000  100.000   50.660    0.252    5.477
    4.260   -1.070    0.000  100.000   85.680    0.396    6.161
    4.700   -2.720    0.000   98.000   48.960    0.520    6.597
   10.870   -2.530    0.000  100.000   39.450    0.543    6.043
    8.680   -1.840    0.000  100.000   39.340    0.511    6.819
    5.940   -1.910    0.000   98.480   46.550    0.429    6.423
    5.840   -1.300    0.000  100.000   56.620    0.329    7.177
    9.960    0.060    0.000  100.000   65.880    0.371    5.742
    7.920   -1.110    0.000  100.000   74.570    0.289    1.351
   11.670    1.310    5.410  100.000   52.060    0.593    5.748
    9.430   -0.120    0.000  100.000   50.240    0.387    6.689
    7.980   -0.700    0.000  100.000   57.960    0.339    6.297
    8.830    1.220    0.000  100.000   67.650    0.235    1.558
   13.440    0.250    0.000  100.000   61.050    0.399    7.424
   12.600    2.170    0.000  100.000   61.740    0.303    2.433
   16.120    2.990    0.000  100.000   61.960    0.359    1.490
   23.350    5.080    0.000  100.000   42.580    0.597    7.521
   20.790    3.090    0.000  100.000   29.090    0.947    7.413
   10.520   -0.210    0.000  100.000   39.320    0.529    7.520
   10.220   -1.580    0.000  100.000   46.460    0.288    8.025
   15.490   -0.520    0.000  100.000   50.710    0.328    7.296
   11.350    0.610    0.000  100.000   60.940    0.389    7.139
   13.010   -1.410    0.000  100.000   54.660    0.279    7.346
   17.120    2.400    0.000  100.000   53.150    0.217    7.390
   15.970    1.460    0.000  100.000   57.470    0.375    7.009
   14.720    3.130    0.000  100.000   54.750    0.466    7.901
   14.490    3.160    0.000   97.300   35.540    0.793    8.690
    9.840    0.200    0.000  100.000   41.910    0.565    8.258
   11.330    1.000    0.000   97.970   36.530    0.692    4.043
   13.980    4.650    0.000   76.280   24.350    1.965    8.018
   10.160    1.400    0.000   97.300   36.100    0.671    9.785
    8.620   -1.520    0.000  100.000   47.650    0.451    9.063
    8.390   -2.630    0.000  100.000   49.190    0.350    9.371
   13.240   -0.070    0.000  100.000   40.730    0.715    8.244
   15.940   -0.230    0.000  100.000   35.140    0.648    8.880
   12.550   -0.450    0.000  100.000   46.660    0.466   11.014
   12.720    6.610    3.190  100.000   78.490    0.567    2.557
   19.220    2.960    1.380  100.000   45.770    0.700    6.991
   18.660   -0.050    0.000  100.000   33.400    0.750   11.732
   20.440    2.310    0.000  100.000   43.410    0.367    8.588
   18.790    1.550    0.000  100.000   47.800    0.361   10.204
   19.800    3.810    0.000  100.000   49.510    0.668   11.312
   19.470    5.680    0.000  100.000   58.340    0.431    3.907
   22.060    5.150    0.000  100.000   50.550    0.391   12.684
   18.800    3.780    0.000  100.000   52.130    0.295    9.805
   18.160    4.090    0.000  100.000   58.810    0.311    6.548
   18.160    3.020    0.000  100.000   54.060    0.329   10.453
   18.100    2.190    0.000  100.000   50.010    0.285   11.469
   18.000    3.350    0.000  100.000   47.060    0.364   12.187
   17.580    1.920    0.000  100.000   54.010    0.240    9.149
   17.340    3.620    0.000  100.000   57.810    0.188    8.782
   17.200    3.460    0.000  100.000   51.890    0.447    8.793
   14.360    5.630    4.990  100.000   74.960    0.573    2.357
   15.110    1.110    0.000   88.020   22.470    1.405   14.526
   14.510   -0.220    0.000  100.000   36.410    0.369   16.020
   15.760    0.110    0.000  100.000   47.300    0.255   15.166
   17.360    1.440    0.000  100.000   50.370    0.354   15.099
   17.930    0.650    0.000  100.000   49.830    0.268   14.909
   20.280    2.930    0.000  100.000   32.870    0.767    6.677
   15.420    2.780    0.000   75.100   18.440    1.593   15.977
   12.250    0.700    0.000   97.510   34.340    0.493   15.857
   12.050   -0.760    0.000  100.000   40.220    0.550   15.220
   11.880   -0.290    0.000  100.000   44.440    0.451   15.550
   13.310   -0.910    0.000  100.000   48.560    0.411   16.361
   15.800   -0.810    0.000  100.000   49.710    0.239   15.801
   17.740   -0.240    0.000  100.000   46.420    0.310   15.438
   18.690    0.540    0.000  100.000   44.840    0.304   17.963
   19.460    3.340    0.000  100.000   50.010    0.268    9.190
   23.220    7.480    0.970  100.000   48.470    0.412   12.141
   21.760    4.820    0.000  100.000   47.440    0.598   17.873
   20.460    4.750    1.130  100.000   47.690    0.910    7.407
   17.140    0.550    0.000  100.000   34.950    0.567   18.385
   16.150    2.200    7.800  100.000   39.620    0.768   12.881
   14.020    1.740    0.000   71.100   17.270    1.793   18.920
   14.340    0.040    0.000  100.000   31.930    0.589   19.519
   14.910    3.630    0.000   84.330   26.400    0.855   19.610
   14.720    1.990    0.000   87.430   25.110    0.720   19.348
   16.340    0.440    0.000  100.000   31.290    0.537   18.515
   21.140    1.460    0.000  100.000   39.110    0.547   18.248
   19.890    6.840    0.000  100.000   43.500    0.570   17.427
   19.520    9.470    0.000  100.000   51.890    0.455   13.024
   18.100   13.290    0.000   97.600   62.730    0.476    4.843
   18.070    7.480    0.000  100.000   44.200    0.497   14.418
   18.360    4.490    0.000  100.000   44.480    0.435   19.060
   18.070    6.370    0.000  100.000   47.810    0.454   10.889
   19.460    7.630    0.000  100.000   44.880    0.531   20.135
   22.240    6.020    0.000  100.000   38.720    0.529   12.955
   22.590   11.540    0.000   93.070   30.930    0.719   20.329
   23.730    7.710    0.000  100.000   34.560    0.587   19.173
   18.740   13.330    0.000   97.500   60.660    0.744    8.935
   20.020    9.560    0.000   84.990   28.200    1.214   14.963
   16.830    3.180    0.000   83.990   22.170    0.792   22.036
   18.820    2.720    0.000  100.000   30.050    0.543   22.803
   21.260    3.620    0.000  100.000   43.160    0.580   19.741
   24.190    6.710    0.000  100.000   43.120    0.477   22.903
   24.190    6.820    0.000  100.000   45.200    0.245   21.412
   24.170   12.260    0.000   98.000   37.150    0.650   13.575
   26.550   11.880    0.000   98.000   31.110    0.792   19.718
   26.110   12.410    0.000   97.190   28.560    0.578   19.982
   27.710   13.070    0.000  100.000   31.350    0.779   14.369
   24.920   13.200    0.000   83.760   26.160    0.566   12.207
   29.490   11.250    0.000  100.000   28.500    0.455   24.357
   28.970   11.640    0.000  100.000   35.070    0.544   24.270
   27.810   12.870    0.000  100.000   40.770    0.662   14.893
   27.060   11.980    0.000  100.000   40.120    0.528   24.299
   29.130   14.210    0.000  100.000   38.450    0.453   17.414
   23.270   17.320    6.330   97.490   54.080    0.845    6.928
   20.580   16.980    4.450   97.400   64.290    1.539    4.833
   16.630   11.460    8.900   97.640   56.940    0.683    6.419
   22.010    7.190    0.000  100.000   46.170    0.374   25.954
   25.800   10.010    0.000  100.000   44.500    0.425   22.743
   24.530   12.600    0.000  100.000   47.320    0.479   14.785
   25.160   15.930    2.570   97.400   44.660    0.986   15.160
   23.890   14.680    3.250   83.710   32.540    1.182    9.797
   22.740   15.220    0.000   96.240   43.760    0.575    9.346
   19.160   13.440   15.450  100.000   68.420    0.716    4.821
   17.400   11.560    2.870   87.930   41.640    1.227   12.843
   20.780   11.260    0.000   97.600   42.120    0.782   13.719
   25.990   13.100    0.000   97.300   34.580    0.796   24.292
   26.600   14.090    0.000   90.090   30.870    0.729   26.917
   25.270   12.000    1.150  100.000   42.460    0.409   22.484
   21.900   14.770   14.470  100.000   61.300    0.594    8.879
   23.250   12.750    0.000   81.130   28.840    1.079   24.477
   20.380   13.130    5.870   97.310   47.160    0.510   15.154
   17.970   11.020    3.940  100.000   56.740    0.773   11.386
   18.890    7.860    2.800  100.000   45.550    0.621   17.998
   19.390    7.450    0.000  100.000   44.790    0.428   24.020
   19.660    8.280    3.340  100.000   46.560    0.500   17.753
   18.130    8.830    9.480  100.000   57.120    0.618    6.809
   17.970    9.100    4.020  100.000   57.650    0.572   11.541
   21.790   13.530    0.000   72.170   28.860    1.499   27.184
   23.560    7.320    0.000   97.990   33.900    0.647   28.009
   24.930   10.560    0.000  100.000   46.470    0.431   18.072
   26.380    9.600    0.000   97.400   30.260    0.714   25.125
   27.920   12.740    0.000   90.400   28.760    0.776   24.691
   29.710   13.010    0.000  100.000   35.950    0.360   21.100
   30.360   15.360    0.000   95.050   30.980    0.560   24.744
   31.650   16.790    0.000   95.130   30.530    0.618   21.333
   30.720   18.110    0.000   85.500   30.680    0.629   20.450
   29.960   16.770    0.000   97.200   36.830    0.712   17.438
   24.240   16.770   14.290  100.000   59.550    1.132    6.028
   18.260   15.220   19.260  100.000   79.550    0.642    7.946
   23.210   16.130    6.850  100.000   67.260    0.774    6.216
   26.880   15.650    0.000  100.000   52.460    0.420   26.176
   27.940   16.310    0.000  100.000   49.000    0.469   19.814
   28.830   16.060    0.000  100.000   48.910    0.479   21.628
   28.960   15.620    0.000  100.000   49.570    0.367   20.126
   29.280   16.470    0.000  100.000   46.140    0.344   17.331
   29.080   16.830    0.000   97.980   46.390    0.531   19.358
   29.660   15.570    0.000  100.000   44.610    0.545   19.174
   28.580   17.510    1.400   97.200   43.540    0.536   21.817
   27.610   18.220   13.410  100.000   58.540    0.533   14.268
   28.330   17.710   17.370  100.000   55.610    0.368   17.368
   28.470   16.630    0.000  100.000   51.580    0.559   19.866
   27.610   16.120    5.220   98.000   49.450    0.534   19.179
   21.320   17.310   37.320  100.000   88.100    0.415    3.947
   23.270   15.230   26.220  100.000   74.380    0.364    8.215
   20.950   15.090   18.380  100.000   75.380    0.602    4.504
   23.060   15.960    0.000  100.000   63.470    0.431   17.396
   25.660   15.170    0.000  100.000   58.340    0.344   18.971
   26.790   15.340    0.000  100.000   59.590    0.220   24.075
   27.260   17.870    0.000  100.000   60.020    0.358   17.669
   28.030   16.770    0.000  100.000   56.080    0.353   19.713
   27.850   18.040    0.000   98.000   55.500    0.339   16.211
   23.900   18.430    0.000   97.300   61.140    0.492    8.251
   27.140   17.610    0.000   84.130   42.200    0.955   21.863
   27.630   16.330    0.000   97.390   48.310    0.523   22.027
   28.080   15.760    0.000  100.000   52.060    0.290   21.542
   29.090   17.730    0.000   97.700   50.210    0.402   21.076
   29.220   18.360    0.000   97.400   49.340    0.537   17.307
   29.470   19.050    0.000   97.300   49.570    0.613   19.227
   28.890   18.570    1.190   97.400   51.530    0.657   12.689
   27.560   17.380    6.340  100.000   61.440    0.418   12.318
   29.010   16.490    0.000  100.000   52.530    0.254   20.933
   29.820   17.870    0.000   97.300   46.040    0.389   20.010
   28.760   17.740    6.950   98.320   53.290    0.493   15.868
   30.110   16.290    0.000  100.000   48.360    0.632   21.354
   30.000   19.730    0.000   78.500   38.460    0.653   20.042
   31.200   19.810    0.000   63.950   24.610    0.645   21.939
   30.260   19.060    0.000   88.000   41.740    0.481   20.017
   30.560   19.170    0.000   84.690   38.260    0.437   20.056
   30.990   19.510    0.000   89.480   42.170    0.454   19.261
   31.820   20.270    0.000   87.240   40.440    0.521   22.298
   31.270   19.990    0.000   92.960   44.380    0.374   19.974
   32.470   21.170    0.000   80.150   36.810    0.385   19.015
   33.820   21.890    0.000   82.110   36.720    0.595   19.587
   34.120   22.740    0.000   85.670   40.820    0.676   18.740
   31.400   20.480    0.000   54.090   21.570    0.593   21.956
   30.840   20.850    0.000   51.790   22.550    0.478   17.651
   31.890   20.880    0.000   68.280   30.200    0.723   23.406
   33.300   21.790    0.000   74.770   33.150    0.421   20.118
   31.930   22.290    0.000   86.610   44.830    0.512   14.199
   31.130   19.850    3.470  100.000   55.500    0.248   11.252
   30.580   18.770    0.000   92.290   42.830    0.481   20.239
   30.550   19.590    0.000   80.270   38.620    0.494   18.684
   31.430   20.300    0.000   70.600   30.660    0.546   19.718
   30.040   19.890    0.000   82.550   42.060    0.810   16.695
   31.060   18.170    0.000   74.050   26.620    0.425   20.647
   32.810   19.560    0.000   71.060   24.230    0.480   16.994
   33.520   21.980    0.000   77.790   35.330    0.642   16.141
   32.690   19.920    0.000   97.190   45.330    0.511   19.313
   31.700   21.460    0.000   53.750   22.860    1.348   20.979
   30.770   20.530    0.000   51.660   22.240    0.782   20.689
   30.930   19.220    0.000   65.270   27.160    0.445   19.854
   31.560   20.180    0.000   68.510   29.190    0.418   21.432
   33.120   22.020    0.000   63.330   25.800    0.405   18.524
   35.220   22.790    0.000   65.710   27.580    0.557   19.493
   38.770   24.370    0.000   73.920   28.080    0.603   18.312
   35.510   23.490    0.000   70.780   30.220    0.458   17.381
   36.500   22.620    0.000   72.680   27.620    0.452   14.288
   34.890   22.000    0.000   87.840   37.330    0.521   18.091
   33.560   22.060    0.000   76.570   34.240    0.509   16.261
   33.590   22.150    0.000   77.880   35.420    0.374   16.254
   35.000   23.190    0.000   62.490   24.270    0.460   16.505
   35.550   24.190    0.000   60.310   24.600    0.469   16.265
   34.700   22.980    0.000   73.640   32.180    0.637   16.405
   32.430   22.180    0.000   70.450   33.380    0.534   16.654
   31.400   20.320    1.690   91.820   43.130    0.599   11.148
   30.760   19.630    2.190   97.500   51.430    0.497   13.365
   29.100   19.350    0.000   68.680   34.890    0.557   18.238
   29.180   19.210    0.000   79.550   39.090    0.536   14.201
   27.640   21.030    0.000   66.170   42.860    0.594   13.029
   28.320   19.750    0.000   75.870   41.480    0.569   16.973
   30.960   18.220    0.000   94.700   40.780    0.405   15.864
   29.100   18.540    0.000   80.330   35.930    0.385   15.764
   29.300   18.490    0.000   82.800   35.440    0.351   15.424
   29.700   18.480    0.000   65.360   24.940    0.341   16.628
   30.440   18.570    0.000   64.120   20.730    0.382   17.225
   31.190   19.160    0.000   77.110   29.840    0.420   15.778
   32.090   20.460    0.000   73.170   29.440    0.510   15.087
   31.990   19.520    0.000   94.420   41.940    0.503   14.513
   31.600   18.900    0.000   97.630   48.260    0.322   18.113
   26.080   17.580    3.550   97.500   56.310    0.342    5.838
   26.290   16.600    0.000   74.490   35.010    1.083   16.990
   28.060   13.830    0.000   96.050   38.480    0.419   17.992
   28.630   15.630    0.000   98.000   48.170    0.326   13.725
   30.800   16.660    0.000  100.000   50.170    0.078   12.757
   30.960   18.520    0.000   94.970   41.630    0.463   14.413
   29.740   19.310    0.000   71.460   31.010    0.457   14.004
   31.300   19.250    0.000   82.670   32.540    0.412   15.144
   32.240   19.440    0.000   59.270   18.080    0.439   15.735
   32.630   19.080    0.000   76.950   23.680    0.292   15.718
   32.530   19.910    0.000   69.560   22.740    0.455   14.004
   32.300   19.930    0.000   65.660   19.900    0.459   13.938
   33.010   20.280    0.000   86.500   33.340    0.575   12.876
   34.110   18.890    0.000   97.900   45.790    0.267   14.756
   32.440   19.000    0.000   92.050   33.980    0.272   15.650
   31.450   20.060    0.000   76.970   30.170    0.499   12.980
   31.390   19.470    0.000   94.840   41.600    0.480    9.986
   27.730   15.660    7.720  100.000   55.800    0.466    8.429
   23.250   11.420    0.000   88.980   34.120    0.470   15.186
   24.950   11.250    0.000   97.300   43.120    0.334   13.463
   26.620   14.790    0.000   98.000   48.530    0.381   11.467
   26.490   16.870    5.690  100.000   61.780    0.293    7.261
   26.420   15.100    0.000   97.500   47.770    0.411   15.296
   26.310   15.950    0.000   97.300   47.170    0.470   11.324
   27.210   17.940    0.000   97.200   47.710    0.424   11.053
   28.100   17.840    0.000   95.240   42.580    0.417    9.402
   28.820   18.690    0.000   93.020   39.230    0.423    9.574
   30.740   18.850    0.000   93.510   35.850    0.459   10.077
   29.800   19.550    0.000   91.120   36.880    0.461   12.875
   22.390   17.380    0.000   95.130   53.250    0.476    3.951
   23.620   16.330    0.000   97.300   52.380    0.252    6.720
   20.680   15.210   20.700   97.190   54.910    0.426    1.815
   15.320   15.260   27.300   98.040   95.150    0.578    0.895
   22.510   12.000    0.000   97.550   48.940    1.352   10.125
   22.580   15.470    0.000   87.900   40.980    1.915   10.477
   21.920   11.360    0.000   97.500   48.150    0.459    9.807
   21.460   10.240    0.000  100.000   58.600    0.205   10.543
   22.220   10.620    0.000  100.000   58.840    0.278    8.895
   22.190   11.020    0.000  100.000   57.900    0.275    8.894
   22.140   11.840    0.000  100.000   66.450    0.143    4.827
   23.060   12.270    0.000  100.000   57.680    0.363   11.922
   18.770   13.450    0.000  100.000   75.370    0.601    2.128
   15.940   14.970   30.760   97.500   88.060    0.686    1.132
   20.330   14.180   22.550  100.000   82.350    0.569    2.579
   21.440   13.170    0.000  100.000   70.080    0.201    7.075
   19.420   11.130    0.000  100.000   61.210    0.394    7.431
   19.790   10.130    0.000  100.000   62.110    0.250    7.240
   20.130    9.700    0.000  100.000   65.370    0.227    7.312
   19.780   10.930    0.000  100.000   67.500    0.253    4.970
   15.750   14.090   21.620  100.000   93.410    0.435    0.747
   21.730   14.120    0.000  100.000   76.970    0.153    3.949
   21.130   12.300    9.300  100.000   68.040    0.289    4.957
   17.390   16.090   35.910  100.000   94.740    0.450    1.264
   18.010   15.760    9.540  100.000   93.620    0.340    2.073
   18.460   16.360   10.220  100.000   93.590    0.861    0.939
   20.360   16.140    0.000  100.000   82.730    0.924    2.508
   18.880   16.340    5.250  100.000   93.450    0.500    1.319
   19.100   13.910    3.360  100.000   81.470    0.565    1.323
   17.170   10.650    0.000  100.000   59.890    0.413    6.241
   17.280    9.080    1.630  100.000   57.560    0.330    4.615
   17.150   12.050    3.250  100.000   81.930    0.238    2.298
   17.140   11.420    6.190  100.000   83.990    0.349    1.807
   16.630   16.270   11.430   98.000   95.890    1.502    0.905
   16.730   15.320   63.930  100.000   95.800    0.909    0.597
   20.130   12.230    1.920  100.000   78.120    0.430    3.446
   17.200    9.170    0.000  100.000   72.360    0.281    4.804
   16.340    6.080    0.000  100.000   56.170    0.388    5.825
   17.550   12.840   15.120  100.000   87.350    0.484    1.324
   21.610   10.940    0.000  100.000   58.700    0.509    4.602
   16.800    7.710    0.000  100.000   55.950    0.355    4.885
   10.710    6.510    1.320  100.000   68.010    0.383    2.176
   17.790    6.420    0.000  100.000   54.270    0.417    4.648
   22.340    9.640    0.000  100.000   47.590    0.519    8.104
   18.490   10.610    0.000  100.000   56.880    0.350    6.093
   12.330    9.760    1.400   97.800   67.130    0.440    1.311
   11.290    2.930    0.000   97.150   30.910    0.889    4.891
   11.190    2.240    0.000   97.900   36.590    0.621    5.209
    8.830    2.590    0.000   92.970   31.160    0.811    4.827
    7.940    3.480    0.000   82.810   25.680    1.081    5.043
    6.800   -1.550    0.000   97.300   39.000    0.465    5.080
    5.010   -3.100    0.000   97.800   52.160    0.275    4.764
    5.110   -4.660    0.000  100.000   64.470    0.169    4.416
    6.280   -2.850    0.000  100.000   62.380    0.202    2.470
    9.670    0.900    0.000  100.000   60.020    0.269    3.382
   15.800    4.960    0.000  100.000   64.230    0.229    3.042
   15.330    6.200    1.420  100.000   68.310    0.382    2.634
   13.000    7.610    0.000  100.000   78.410    0.410    2.912
   10.960    4.120    0.000  100.000   44.320    0.444    6.648
   10.010    3.640    0.000  100.000   52.330    0.347    3.624
   11.160    8.260    0.000  100.000   74.320    0.339    0.830
   10.510    3.480    0.000   97.200   25.750    1.260    4.787
    9.090    1.070    0.000   97.450   30.980    0.605    3.203
    4.600   -2.310    0.000   97.300   45.290    0.425    3.541
    2.710   -4.820    0.000  100.000   66.110    0.196    3.455
    2.810   -4.590    0.000  100.000   64.480    0.226    2.937
    4.120   -5.450    0.000  100.000   75.680    0.082    2.900
    4.360   -5.560    0.000  100.000   78.910    0.087    2.917
    5.590   -4.680    0.000  100.000   71.160    0.079    3.261
    6.150   -1.720    0.000  100.000   79.940    0.307    4.206
    7.550    0.240    0.000  100.000   77.100    0.164    3.298
    7.510   -1.270    0.000  100.000   59.910    0.312    2.989
    7.420   -2.350    0.000  100.000   69.900    0.226    2.473
    9.110   -1.530    0.000  100.000   62.290    0.219    2.561
   10.240   -0.970    0.000  100.000   65.840    0.135    2.335
    8.280    3.510    2.500  100.000   82.850    0.438    0.736
    8.230    0.660    0.000  100.000   71.470    0.302    2.479
    7.010   -1.400    0.000  100.000   57.200    0.346    3.146
    6.460   -1.610    0.000  100.000   59.020    0.318    3.304
    4.460   -2.740    0.000  100.000   79.870    0.242    1.358
    7.200    0.180    0.000  100.000   77.630    0.349    1.271
   20.980    2.950    0.000  100.000   38.500    0.515    3.347
   19.800    8.450    0.000  100.000   42.200    0.491    2.324
   14.920    2.290    0.000  100.000   47.440    0.298    4.660
   10.120   -0.030    0.000  100.000   67.590    0.086    5.195
    9.030    4.690    0.000  100.000   85.070    0.264    1.809
    9.330    6.550    0.000  100.000   92.250    0.339    0.737
    9.380    4.780    0.000  100.000   78.770    0.337    1.118
    8.030    4.580    3.700  100.000   91.090    0.379    0.708
    9.210    1.970    0.000  100.000   73.170    0.276    1.957
    7.040   -0.200    0.000  100.000   81.390    0.282    1.467
    7.340    5.210    3.910  100.000   93.930    0.425    0.878
    7.840    5.920   31.680  100.000   97.590    0.428    0.485
    8.680    3.540    0.000  100.000   78.740    0.150    1.861
    8.140   -0.410    0.000  100.000   69.940    0.331    3.465
    5.820   -2.050    0.000  100.000   58.120    0.380    5.096
    3.840   -3.410    0.000   98.000   49.690    0.377    5.180
    2.460   -3.190    0.000   97.900   64.190    0.403    2.998
